sub r{ord pack"B8",unpack"b8",chr shift}sub c{$c[$_]=$b[$_]^$a[84+$_]for(0..4);
$d=8+($c[4]<<17|$c[3]<<9|$c[2]*2)-(7&$c[2]);$d=r($d)<<17|r($d>>8)<<9|r($d>>16)*2
|$d>>24;$e=r(@c)<<9|256|r$c[1];$h=0;for(@a[128..2047]){$f=r r$d>>12^$d>>4^$d^$d/
8;$g=$e>>14&7^$e;$g^=$g<<3^$g<<6;$e=$e>>8^(r r$g)<<9;$d=$d>>8^$f<<17;$h+=$f+(~$g
&255);$_=$t[$_]^$h;$h>>=8}@a}

@t=(51,115,59,38,99,35,107,118,62,126,54,43,110,46,102,123,211,147,219,6,67,3,75
,150,222,158,214,11,78,14,70,155,87,23,95,130,199,135,207,18,90,26,82,143,202,
138,194,31,217,153,209,0,73,9,65,144,216,152,208,1,72,8,64,145,61,125,53,36,109,
45,101,116,60,124,52,37,108,44,100,117,221,157,213,4,77,13,69,148,220,156,212,5,
76,12,68,149,89,25,81,128,201,137,193,16,88,24,80,129,200,136,192,17,215,151,223
,2,71,7,79,146,218,154,210,15,74,10,66,159,83,19,91,134,195,131,203,22,94,30,86,
139,206,142,198,27,179,243,187,166,227,163,235,246,190,254,182,171,238,174,230,
251,55,119,63,34,103,39,111,114,58,122,50,47,106,42,98,127,185,249,177,160,233,
169,225,240,184,248,176,161,232,168,224,241,93,29,85,132,205,141,197,20,92,28,84
,133,204,140,196,21,189,253,181,164,237,173,229,244,188,252,180,165,236,172,228,
245,57,121,49,32,105,41,97,112,56,120,48,33,104,40,96,113,183,247,191,162,231,
167,239,242,186,250,178,175,234,170,226,255);

# This permutation appears compressible.

